6.9901,5.44895,51.0696
0
2880
0,0,5.15249,2.4434e-08,-2.99344e-09,1,0,16.187
-4.39387e-08,1.0052,5.05349,-1.5154e-07,0.200969,0.979598,0,15.1753
-0.196105,0.985886,5.05349,-0.0392071,0.197107,0.979598,1.01169,15.1753
0,0,5.15249,2.4434e-08,-2.99344e-09,1,1.01169,16.187
-0.384674,0.928685,5.05349,-0.0769074,0.185671,0.979598,2.02338,15.1753
0,0,5.15249,2.4434e-08,-2.99344e-09,1,2.02338,16.187
-0.55846,0.835794,5.05349,-0.111652,0.1671,0.979598,3.03507,15.1753
0,0,5.15249,2.4434e-08,-2.99344e-09,1,3.03507,16.187
-0.710784,0.710784,5.05349,-0.142106,0.142106,0.979598,4.04676,15.1753
0,0,5.15249,2.4434e-08,-2.99344e-09,1,4.04676,16.187
-0.835794,0.55846,5.05349,-0.167099,0.111652,0.979598,5.05845,15.1753
0,0,5.15249,2.4434e-08,-2.99344e-09,1,5.05845,16.187
-0.928685,0.384674,5.05349,-0.185671,0.0769074,0.979598,6.07013,15.1753
0,0,5.15249,2.4434e-08,-2.99344e-09,1,6.07013,16.187
-0.985886,0.196105,5.05349,-0.197107,0.039207,0.979598,7.08182,15.1753
0,0,5.15249,2.4434e-08,-2.99344e-09,1,7.08182,16.187
-1.0052,-3.27536e-07,5.05349,-0.200969,-4.95189e-08,0.979598,8.09351,15.1753
0,0,5.15249,2.4434e-08,-2.99344e-09,1,8.09351,16.187
-0.985886,-0.196105,5.05349,-0.197107,-0.0392071,0.979598,9.1052,15.1753
0,0,5.15249,2.4434e-08,-2.99344e-09,1,9.1052,16.187
-0.928684,-0.384674,5.05349,-0.185671,-0.0769075,0.979598,10.1169,15.1753
0,0,5.15249,2.4434e-08,-2.99344e-09,1,10.1169,16.187
-0.835794,-0.55846,5.05349,-0.167099,-0.111652,0.979598,11.1286,15.1753
0,0,5.15249,2.4434e-08,-2.99344e-09,1,11.1286,16.187
-0.710784,-0.710785,5.05349,-0.142106,-0.142107,0.979598,12.1403,15.1753
0,0,5.15249,2.4434e-08,-2.99344e-09,1,12.1403,16.187
-0.558459,-0.835794,5.05349,-0.111652,-0.1671,0.979598,13.152,15.1753
0,0,5.15249,2.4434e-08,-2.99344e-09,1,13.152,16.187
-0.384673,-0.928685,5.05349,-0.0769073,-0.185671,0.979598,14.1636,15.1753
0,0,5.15249,2.4434e-08,-2.99344e-09,1,14.1636,16.187
-0.196104,-0.985886,5.05349,-0.0392069,-0.197107,0.979598,15.1753,15.1753
0,0,5.15249,2.4434e-08,-2.99344e-09,1,15.1753,16.187
9.70621e-07,-1.0052,5.05349,1.93303e-07,-0.200969,0.979598,16.187,15.1753
0,0,5.15249,2.4434e-08,-2.99344e-09,1,16.187,16.187
0.196106,-0.985886,5.05349,0.0392073,-0.197107,0.979598,17.1987,15.1753
0,0,5.15249,2.4434e-08,-2.99344e-09,1,17.1987,16.187
0.384675,-0.928684,5.05349,0.0769076,-0.185671,0.979598,18.2104,15.1753
0,0,5.15249,2.4434e-08,-2.99344e-09,1,18.2104,16.187
0.558461,-0.835793,5.05349,0.111653,-0.167099,0.979598,19.2221,15.1753
0,0,5.15249,2.4434e-08,-2.99344e-09,1,19.2221,16.187
0.710785,-0.710783,5.05349,0.142107,-0.142106,0.979598,20.2338,15.1753
0,0,5.15249,2.4434e-08,-2.99344e-09,1,20.2338,16.187
0.835795,-0.558459,5.05349,0.1671,-0.111652,0.979598,21.2455,15.1753
0,0,5.15249,2.4434e-08,-2.99344e-09,1,21.2455,16.187
0.928685,-0.384672,5.05349,0.185671,-0.0769072,0.979598,22.2572,15.1753
0,0,5.15249,2.4434e-08,-2.99344e-09,1,22.2572,16.187
0.985886,-0.196103,5.05349,0.197107,-0.0392068,0.979598,23.2689,15.1753
0,0,5.15249,2.4434e-08,-2.99344e-09,1,23.2689,16.187
1.0052,1.61371e-06,5.05349,0.200969,3.00693e-07,0.979598,24.2805,15.1753
0,0,5.15249,2.4434e-08,-2.99344e-09,1,24.2805,16.187
0.985886,0.196107,5.05349,0.197107,0.0392074,0.979598,25.2922,15.1753
0,0,5.15249,2.4434e-08,-2.99344e-09,1,25.2922,16.187
0.928684,0.384675,5.05349,0.185671,0.0769078,0.979598,26.3039,15.1753
0,0,5.15249,2.4434e-08,-2.99344e-09,1,26.3039,16.187
0.835793,0.558461,5.05349,0.167099,0.111653,0.979598,27.3156,15.1753
0,0,5.15249,2.4434e-08,-2.99344e-09,1,27.3156,16.187
0.710783,0.710786,5.05349,0.142106,0.142107,0.979598,28.3273,15.1753
0,0,5.15249,2.4434e-08,-2.99344e-09,1,28.3273,16.187
0.558458,0.835795,5.05349,0.111652,0.1671,0.979598,29.339,15.1753
0,0,5.15249,2.4434e-08,-2.99344e-09,1,29.339,16.187
0.384672,0.928685,5.05349,0.0769071,0.185671,0.979598,30.3507,15.1753
0,0,5.15249,2.4434e-08,-2.99344e-09,1,30.3507,16.187
0.196103,0.985887,5.05349,0.0392067,0.197107,0.979598,31.3624,15.1753
0,0,5.15249,2.4434e-08,-2.99344e-09,1,31.3624,16.187
-4.39387e-08,1.0052,5.05349,-1.5154e-07,0.200969,0.979598,32.3741,15.1753
-0.384674,1.93389,4.76028,-0.075673,0.380434,0.921707,1.01169,14.1636
-8.61889e-08,1.97177,4.76028,-2.82075e-07,0.387887,0.921707,0,14.1636
-0.754565,1.82168,4.76028,-0.148438,0.358361,0.921707,2.02338,14.1636
-1.09546,1.63947,4.76028,-0.215498,0.322516,0.921707,3.03507,14.1636
-1.39425,1.39425,4.76028,-0.274277,0.274277,0.921707,4.04676,14.1636
-1.63947,1.09546,4.76028,-0.322516,0.215498,0.921707,5.05845,14.1636
-1.82168,0.754564,4.76028,-0.358361,0.148438,0.921707,6.07013,14.1636
-1.93389,0.384673,4.76028,-0.380434,0.0756728,0.921707,7.08182,14.1636
-1.97177,-6.42485e-07,4.76028,-0.387887,-1.004e-07,0.921707,8.09351,14.1636
-1.93389,-0.384675,4.76028,-0.380434,-0.0756731,0.921707,9.1052,14.1636
-1.82168,-0.754566,4.76028,-0.358361,-0.148438,0.921707,10.1169,14.1636
-1.63947,-1.09546,4.76028,-0.322516,-0.215499,0.921707,11.1286,14.1636
-1.39425,-1.39425,4.76028,-0.274277,-0.274278,0.921707,12.1403,14.1636
-1.09546,-1.63947,4.76028,-0.215498,-0.322516,0.921707,13.152,14.1636
-0.754563,-1.82168,4.76028,-0.148438,-0.358361,0.921707,14.1636,14.1636
-0.384672,-1.93389,4.76028,-0.0756726,-0.380434,0.921707,15.1753,14.1636
1.90394e-06,-1.97177,4.76028,3.56179e-07,-0.387887,0.921707,16.187,14.1636
0.384676,-1.93389,4.76028,0.0756734,-0.380434,0.921707,17.1987,14.1636
0.754567,-1.82168,4.76028,0.148438,-0.358361,0.921707,18.2104,14.1636
1.09546,-1.63947,4.76028,0.215499,-0.322516,0.921707,19.2221,14.1636
1.39426,-1.39425,4.76028,0.274278,-0.274277,0.921707,20.2338,14.1636
1.63947,-1.09546,4.76028,0.322516,-0.215498,0.921707,21.2455,14.1636
1.82168,-0.754562,4.76028,0.358361,-0.148437,0.921707,22.2572,14.1636
1.93389,-0.384671,4.76028,0.380434,-0.0756724,0.921707,23.2689,14.1636
1.97177,3.1654e-06,4.76028,0.387887,5.78492e-07,0.921707,24.2805,14.1636
1.93388,0.384677,4.76028,0.380434,0.0756736,0.921707,25.2922,14.1636
1.82168,0.754568,4.76028,0.35836,0.148439,0.921707,26.3039,14.1636
1.63947,1.09546,4.76028,0.322516,0.215499,0.921707,27.3156,14.1636
1.39425,1.39426,4.76028,0.274277,0.274278,0.921707,28.3273,14.1636
1.09545,1.63947,4.76028,0.215498,0.322517,0.921707,29.339,14.1636
0.754561,1.82168,4.76028,0.148437,0.358361,0.921707,30.3507,14.1636
0.38467,1.93389,4.76028,0.0756724,0.380434,0.921707,31.3624,14.1636
-8.61889e-08,1.97177,4.76028,-2.82075e-07,0.387887,0.921707,32.3741,14.1636
-0.55846,2.80757,4.28414,-0.109207,0.549019,0.828645,1.01169,13.152
-1.25127e-07,2.86257,4.28414,-4.28681e-07,0.559775,0.828645,0,13.152
-1.09546,2.64467,4.28414,-0.214217,0.517165,0.828645,2.02338,13.152
-1.59036,2.38014,4.28414,-0.310994,0.465436,0.828645,3.03507,13.152
-2.02414,2.02414,4.28414,-0.395821,0.395821,0.828645,4.04676,13.152
-2.38014,1.59036,4.28414,-0.465436,0.310994,0.828645,5.05845,13.152
-2.64467,1.09546,4.28414,-0.517165,0.214217,0.828645,6.07013,13.152
-2.80757,0.558459,4.28414,-0.549019,0.109207,0.828645,7.08182,13.152
-2.86257,-9.32744e-07,4.28414,-0.559775,-1.18546e-07,0.828645,8.09351,13.152
-2.80757,-0.558461,4.28414,-0.549019,-0.109207,0.828645,9.1052,13.152
-2.64467,-1.09546,4.28414,-0.517165,-0.214217,0.828645,10.1169,13.152
-2.38014,-1.59036,4.28414,-0.465436,-0.310995,0.828645,11.1286,13.152
-2.02414,-2.02414,4.28414,-0.395821,-0.395821,0.828645,12.1403,13.152
-1.59036,-2.38014,4.28414,-0.310994,-0.465436,0.828645,13.152,13.152
-1.09546,-2.64467,4.28414,-0.214216,-0.517165,0.828645,14.1636,13.152
-0.558457,-2.80757,4.28414,-0.109206,-0.549019,0.828645,15.1753,13.152
2.7641e-06,-2.86257,4.28414,4.87355e-07,-0.559775,0.828645,16.187,13.152
0.558463,-2.80757,4.28414,0.109207,-0.549019,0.828645,17.1987,13.152
1.09546,-2.64467,4.28414,0.214217,-0.517164,0.828645,18.2104,13.152
1.59036,-2.38014,4.28414,0.310995,-0.465436,0.828645,19.2221,13.152
2.02415,-2.02414,4.28414,0.395821,-0.39582,0.828645,20.2338,13.152
2.38014,-1.59036,4.28414,0.465436,-0.310994,0.828645,21.2455,13.152
2.64467,-1.09545,4.28414,0.517165,-0.214216,0.828645,22.2572,13.152
2.80757,-0.558455,4.28414,0.549019,-0.109206,0.828645,23.2689,13.152
2.86257,4.59545e-06,4.28414,0.559775,8.38202e-07,0.828645,24.2805,13.152
2.80757,0.558464,4.28414,0.549019,0.109208,0.828645,25.2922,13.152
2.64467,1.09546,4.28414,0.517164,0.214218,0.828645,26.3039,13.152
2.38014,1.59036,4.28414,0.465435,0.310995,0.828645,27.3156,13.152
2.02414,2.02415,4.28414,0.39582,0.395821,0.828645,28.3273,13.152
1.59035,2.38014,4.28414,0.310993,0.465437,0.828645,29.339,13.152
1.09545,2.64467,4.28414,0.214216,0.517165,0.828645,30.3507,13.152
0.558454,2.80757,4.28414,0.109206,0.549019,0.828645,31.3624,13.152
-1.25127e-07,2.86257,4.28414,-4.28681e-07,0.559775,0.828645,32.3741,13.152
-0.710784,3.57335,3.64336,-0.138542,0.696496,0.704059,1.01169,12.1403
-1.59256e-07,3.64336,3.64336,-5.92619e-07,0.710142,0.704059,0,12.1403
-1.39425,3.36603,3.64336,-0.271759,0.656085,0.704059,2.02338,12.1403
-2.02414,3.02934,3.64336,-0.394534,0.590461,0.704059,3.03507,12.1403
-2.57624,2.57624,3.64336,-0.502146,0.502146,0.704059,4.04676,12.1403
-3.02934,2.02414,3.64336,-0.590461,0.394534,0.704059,5.05845,12.1403
-3.36603,1.39425,3.64336,-0.656085,0.271759,0.704059,6.07013,12.1403
-3.57335,0.710783,3.64336,-0.696496,0.138542,0.704059,7.08182,12.1403
-3.64336,-1.18716e-06,3.64336,-0.710142,-1.48755e-07,0.704059,8.09351,12.1403
-3.57335,-0.710786,3.64336,-0.696496,-0.138542,0.704059,9.1052,12.1403
-3.36603,-1.39426,3.64336,-0.656085,-0.27176,0.704059,10.1169,12.1403
-3.02934,-2.02414,3.64336,-0.590461,-0.394534,0.704059,11.1286,12.1403
-2.57624,-2.57625,3.64336,-0.502146,-0.502146,0.704059,12.1403,12.1403
-2.02414,-3.02934,3.64336,-0.394533,-0.590461,0.704059,13.152,12.1403
-1.39425,-3.36603,3.64336,-0.271759,-0.656085,0.704059,14.1636,12.1403
-0.710781,-3.57335,3.64336,-0.138541,-0.696496,0.704059,15.1753,12.1403
3.51803e-06,-3.64336,3.64336,5.99817e-07,-0.710142,0.704059,16.187,12.1403
0.710788,-3.57335,3.64336,0.138542,-0.696496,0.704059,17.1987,12.1403
1.39426,-3.36602,3.64336,0.27176,-0.656085,0.704059,18.2104,12.1403
2.02415,-3.02934,3.64336,0.394534,-0.590461,0.704059,19.2221,12.1403
2.57625,-2.57624,3.64336,0.502147,-0.502145,0.704059,20.2338,12.1403
3.02935,-2.02414,3.64336,0.590462,-0.394533,0.704059,21.2455,12.1403
3.36603,-1.39425,3.64336,0.656086,-0.271758,0.704059,22.2572,12.1403
3.57336,-0.710779,3.64336,0.696497,-0.138541,0.704059,23.2689,12.1403
3.64336,5.84889e-06,3.64336,0.710142,1.04968e-06,0.704059,24.2805,12.1403
3.57335,0.71079,3.64336,0.696496,0.138543,0.704059,25.2922,12.1403
3.36602,1.39426,3.64336,0.656085,0.271761,0.704059,26.3039,12.1403
3.02934,2.02415,3.64336,0.59046,0.394535,0.704059,27.3156,12.1403
2.57624,2.57625,3.64336,0.502145,0.502147,0.704059,28.3273,12.1403
2.02414,3.02935,3.64336,0.394532,0.590462,0.704059,29.339,12.1403
1.39425,3.36603,3.64336,0.271758,0.656086,0.704059,30.3507,12.1403
0.710777,3.57336,3.64336,0.138541,0.696497,0.704059,31.3624,12.1403
-1.59256e-07,3.64336,3.64336,-5.92619e-07,0.710142,0.704059,32.3741,12.1403
-1.87266e-07,4.28414,2.86257,-6.41672e-07,0.83334,0.552761,0,11.1286
-0.835794,4.20182,2.86257,-0.162576,0.817327,0.552761,1.01169,11.1286
-1.63947,3.95803,2.86257,-0.318905,0.769906,0.552761,2.02338,11.1286
-2.38014,3.56213,2.86257,-0.462979,0.692897,0.552761,3.03507,11.1286
-3.02934,3.02934,2.86257,-0.58926,0.58926,0.552761,4.04676,11.1286
-3.56213,2.38014,2.86257,-0.692897,0.462979,0.552761,5.05845,11.1286
-3.95803,1.63947,2.86257,-0.769906,0.318905,0.552761,6.07013,11.1286
-4.20182,0.835793,2.86257,-0.817327,0.162576,0.552761,7.08182,11.1286
-4.28414,-1.39595e-06,2.86257,-0.83334,-2.11487e-07,0.552761,8.09351,11.1286
-4.20182,-0.835796,2.86257,-0.817327,-0.162577,0.552761,9.1052,11.1286
-3.95803,-1.63947,2.86257,-0.769905,-0.318906,0.552761,10.1169,11.1286
-3.56213,-2.38014,2.86257,-0.692896,-0.462979,0.552761,11.1286,11.1286
-3.02934,-3.02935,2.86257,-0.58926,-0.589261,0.552761,12.1403,11.1286
-2.38014,-3.56213,2.86257,-0.462978,-0.692897,0.552761,13.152,11.1286
-1.63947,-3.95803,2.86257,-0.318905,-0.769906,0.552761,14.1636,11.1286
-0.83579,-4.20182,2.86257,-0.162576,-0.817327,0.552761,15.1753,11.1286
4.13676e-06,-4.28414,2.86257,6.82527e-07,-0.83334,0.552761,16.187,11.1286
0.835798,-4.20182,2.86257,0.162577,-0.817327,0.552761,17.1987,11.1286
1.63947,-3.95803,2.86257,0.318906,-0.769905,0.552761,18.2104,11.1286
2.38014,-3.56213,2.86257,0.46298,-0.692896,0.552761,19.2221,11.1286
3.02935,-3.02934,2.86257,0.589261,-0.589259,0.552761,20.2338,11.1286
3.56213,-2.38014,2.86257,0.692897,-0.462978,0.552761,21.2455,11.1286
3.95803,-1.63946,2.86257,0.769906,-0.318904,0.552761,22.2572,11.1286
4.20182,-0.835788,2.86257,0.817327,-0.162575,0.552761,23.2689,11.1286
4.28414,6.87757e-06,2.86257,0.83334,1.22326e-06,0.552761,24.2805,11.1286
4.20182,0.835801,2.86257,0.817327,0.162578,0.552761,25.2922,11.1286
3.95803,1.63948,2.86257,0.769905,0.318907,0.552761,26.3039,11.1286
3.56213,2.38015,2.86257,0.692896,0.46298,0.552761,27.3156,11.1286
3.02934,3.02935,2.86257,0.589259,0.589261,0.552761,28.3273,11.1286
2.38013,3.56214,2.86257,0.462977,0.692898,0.552761,29.339,11.1286
1.63946,3.95803,2.86257,0.318904,0.769906,0.552761,30.3507,11.1286
0.835785,4.20182,2.86257,0.162575,0.817328,0.552761,31.3624,11.1286
-1.87266e-07,4.28414,2.86257,-6.41672e-07,0.83334,0.552761,32.3741,11.1286
-2.08078e-07,4.76028,1.97177,-6.64182e-07,0.924766,0.380537,0,10.1169
-0.928684,4.66881,1.97177,-0.180413,0.906996,0.380537,1.01169,10.1169
-1.82168,4.39792,1.97177,-0.353892,0.854372,0.380537,2.02338,10.1169
-2.64467,3.95803,1.97177,-0.513772,0.768915,0.380537,3.03507,10.1169
-3.36603,3.36603,1.97177,-0.653908,0.653908,0.380537,4.04676,10.1169
-3.95803,2.64467,1.97177,-0.768915,0.513772,0.380537,5.05845,10.1169
-4.39793,1.82168,1.97177,-0.854372,0.353892,0.380537,6.07013,10.1169
-4.66881,0.928683,1.97177,-0.906997,0.180413,0.380537,7.08182,10.1169
-4.76028,-1.5511e-06,1.97177,-0.924766,-2.40646e-07,0.380537,8.09351,10.1169
-4.66881,-0.928686,1.97177,-0.906996,-0.180413,0.380537,9.1052,10.1169
-4.39792,-1.82168,1.97177,-0.854372,-0.353893,0.380537,10.1169,10.1169
-3.95803,-2.64467,1.97177,-0.768914,-0.513773,0.380537,11.1286,10.1169
-3.36602,-3.36603,1.97177,-0.653908,-0.653909,0.380537,12.1403,10.1169
-2.64467,-3.95803,1.97177,-0.513772,-0.768915,0.380537,13.152,10.1169
-1.82168,-4.39793,1.97177,-0.353892,-0.854372,0.380537,14.1636,10.1169
-0.92868,-4.66881,1.97177,-0.180412,-0.906997,0.380537,15.1753,10.1169
4.59652e-06,-4.76028,1.97177,7.1953e-07,-0.924766,0.380537,16.187,10.1169
0.928689,-4.66881,1.97177,0.180414,-0.906996,0.380537,17.1987,10.1169
1.82169,-4.39792,1.97177,0.353893,-0.854372,0.380537,18.2104,10.1169
2.64467,-3.95802,1.97177,0.513773,-0.768914,0.380537,19.2221,10.1169
3.36603,-3.36602,1.97177,0.653909,-0.653907,0.380537,20.2338,10.1169
3.95803,-2.64466,1.97177,0.768915,-0.513771,0.380537,21.2455,10.1169
4.39793,-1.82167,1.97177,0.854373,-0.353891,0.380537,22.2572,10.1169
4.66881,-0.928677,1.97177,0.906997,-0.180411,0.380537,23.2689,10.1169
4.76028,7.64195e-06,1.97177,0.924766,1.43425e-06,0.380537,24.2805,10.1169
4.66881,0.928692,1.97177,0.906996,0.180414,0.380537,25.2922,10.1169
4.39792,1.82169,1.97177,0.854371,0.353894,0.380537,26.3039,10.1169
3.95802,2.64468,1.97177,0.768914,0.513774,0.380537,27.3156,10.1169
3.36602,3.36603,1.97177,0.653907,0.653909,0.380537,28.3273,10.1169
2.64466,3.95803,1.97177,0.513771,0.768915,0.380537,29.339,10.1169
1.82167,4.39793,1.97177,0.353891,0.854373,0.380537,30.3507,10.1169
0.928674,4.66881,1.97177,0.180411,0.906997,0.380537,31.3624,10.1169
-2.08078e-07,4.76028,1.97177,-6.64182e-07,0.924766,0.380537,32.3741,10.1169
-2.20895e-07,5.05349,1.0052,-7.51456e-07,0.981015,0.19393,0,9.1052
-0.985886,4.95638,1.0052,-0.191387,0.962165,0.19393,1.01169,9.1052
-1.93389,4.66881,1.0052,-0.375418,0.90634,0.19393,2.02338,9.1052
-2.80757,4.20182,1.0052,-0.545023,0.815684,0.19393,3.03507,9.1052
-3.57335,3.57335,1.0052,-0.693683,0.693683,0.19393,4.04676,9.1052
-4.20182,2.80757,1.0052,-0.815684,0.545023,0.19393,5.05845,9.1052
-4.66881,1.93388,1.0052,-0.90634,0.375418,0.19393,6.07013,9.1052
-4.95638,0.985885,1.0052,-0.962165,0.191386,0.19393,7.08182,9.1052
-5.05349,-1.64663e-06,1.0052,-0.981015,-3.05881e-07,0.19393,8.09351,9.1052
-4.95638,-0.985888,1.0052,-0.962165,-0.191387,0.19393,9.1052,9.1052
-4.66881,-1.93389,1.0052,-0.90634,-0.375419,0.19393,10.1169,9.1052
-4.20182,-2.80757,1.0052,-0.815684,-0.545023,0.19393,11.1286,9.1052
-3.57335,-3.57336,1.0052,-0.693682,-0.693683,0.19393,12.1403,9.1052
-2.80756,-4.20182,1.0052,-0.545022,-0.815685,0.19393,13.152,9.1052
-1.93388,-4.66881,1.0052,-0.375418,-0.90634,0.19393,14.1636,9.1052
-0.985882,-4.95639,1.0052,-0.191386,-0.962166,0.19393,15.1753,9.1052
4.87964e-06,-5.05349,1.0052,7.82767e-07,-0.981015,0.19393,16.187,9.1052
0.985891,-4.95638,1.0052,0.191388,-0.962165,0.19393,17.1987,9.1052
1.93389,-4.66881,1.0052,0.375419,-0.90634,0.19393,18.2104,9.1052
2.80757,-4.20182,1.0052,0.545024,-0.815684,0.19393,19.2221,9.1052
3.57336,-3.57335,1.0052,0.693684,-0.693682,0.19393,20.2338,9.1052
4.20182,-2.80756,1.0052,0.815685,-0.545022,0.19393,21.2455,9.1052
4.66882,-1.93388,1.0052,0.906341,-0.375417,0.19393,22.2572,9.1052
4.95639,-0.985879,1.0052,0.962166,-0.191385,0.19393,23.2689,9.1052
5.05349,8.11265e-06,1.0052,0.981015,1.55831e-06,0.19393,24.2805,9.1052
4.95638,0.985895,1.0052,0.962165,0.191388,0.19393,25.2922,9.1052
4.66881,1.93389,1.0052,0.906339,0.37542,0.19393,26.3039,9.1052
4.20181,2.80757,1.0052,0.815683,0.545025,0.19393,27.3156,9.1052
3.57335,3.57336,1.0052,0.693681,0.693684,0.19393,28.3273,9.1052
2.80756,4.20183,1.0052,0.545021,0.815686,0.19393,29.339,9.1052
1.93388,4.66882,1.0052,0.375416,0.906341,0.19393,30.3507,9.1052
0.985875,4.95639,1.0052,0.191385,0.962166,0.19393,31.3624,9.1052
-2.20895e-07,5.05349,1.0052,-7.51456e-07,0.981015,0.19393,32.3741,9.1052
-2.25222e-07,5.15249,3.89002e-07,-7.97453e-07,1,2.40922e-07,0,8.09351
-1.0052,5.05349,3.89002e-07,-0.19509,0.980785,2.38513e-07,1.01169,8.09351
-1.97177,4.76028,3.89002e-07,-0.382683,0.92388,2.02375e-07,2.02338,8.09351
-2.86257,4.28414,3.89002e-07,-0.55557,0.83147,1.8551e-07,3.03507,8.09351
-3.64336,3.64336,3.89002e-07,-0.707107,0.707107,2.04784e-07,4.04676,8.09351
-4.28414,2.86257,3.89002e-07,-0.83147,0.55557,1.90329e-07,5.05845,8.09351
-4.76028,1.97177,3.89002e-07,-0.92388,0.382683,2.09603e-07,6.07013,8.09351
-5.05349,1.0052,3.89002e-07,-0.980785,0.19509,2.45741e-07,7.08182,8.09351
-5.15249,-1.67889e-06,3.89002e-07,-1,-3.63793e-07,2.38513e-07,8.09351,8.09351
-5.05349,-1.0052,3.89002e-07,-0.980785,-0.195091,1.80692e-07,9.1052,8.09351
-4.76028,-1.97177,3.89002e-07,-0.923879,-0.382684,1.42144e-07,10.1169,8.09351
-4.28414,-2.86257,3.89002e-07,-0.831469,-0.555571,2.21649e-07,11.1286,8.09351
-3.64336,-3.64336,3.89002e-07,-0.707106,-0.707107,2.96335e-07,12.1403,8.09351
-2.86257,-4.28414,3.89002e-07,-0.55557,-0.83147,2.89107e-07,13.152,8.09351
-1.97177,-4.76028,3.89002e-07,-0.382683,-0.92388,2.65015e-07,14.1636,8.09351
-1.0052,-5.05349,3.89002e-07,-0.195089,-0.980785,2.45741e-07,15.1753,8.09351
4.97524e-06,-5.15249,3.89002e-07,8.40819e-07,-1,2.45741e-07,16.187,8.09351
1.00521,-5.05348,3.89002e-07,0.195091,-0.980785,2.4815e-07,17.1987,8.09351
1.97178,-4.76028,3.89002e-07,0.382684,-0.923879,2.50559e-07,18.2104,8.09351
2.86258,-4.28414,3.89002e-07,0.555571,-0.831469,2.69833e-07,19.2221,8.09351
3.64336,-3.64336,3.89002e-07,0.707108,-0.707106,3.03562e-07,20.2338,8.09351
4.28414,-2.86256,3.89002e-07,0.83147,-0.555569,2.7947e-07,21.2455,8.09351
4.76028,-1.97177,3.89002e-07,0.92388,-0.382682,2.4815e-07,22.2572,8.09351
5.05349,-1.00519,3.89002e-07,0.980786,-0.195089,2.4815e-07,23.2689,8.09351
5.15249,8.27159e-06,3.89002e-07,1,1.56118e-06,2.43332e-07,24.2805,8.09351
5.05348,1.00521,3.89002e-07,0.980785,0.195092,1.90329e-07,25.2922,8.09351
4.76028,1.97178,3.89002e-07,0.923879,0.382685,1.566e-07,26.3039,8.09351
4.28413,2.86258,3.89002e-07,0.831469,0.555572,2.31286e-07,27.3156,8.09351
3.64335,3.64337,3.89002e-07,0.707105,0.707108,2.98744e-07,28.3273,8.09351
2.86256,4.28414,3.89002e-07,0.555569,0.831471,2.72242e-07,29.339,8.09351
1.97176,4.76028,3.89002e-07,0.382682,0.92388,2.45741e-07,30.3507,8.09351
1.00519,5.05349,3.89002e-07,0.195089,0.980786,2.45741e-07,31.3624,8.09351
-2.25222e-07,5.15249,3.89002e-07,-7.97453e-07,1,2.40922e-07,32.3741,8.09351
-0.985886,4.95638,-1.0052,-0.191387,0.962165,-0.19393,1.01169,7.08182
-2.20895e-07,5.05349,-1.0052,-7.53865e-07,0.981015,-0.19393,0,7.08182
-1.93389,4.66881,-1.0052,-0.375418,0.90634,-0.19393,2.02338,7.08182
-2.80757,4.20182,-1.0052,-0.545023,0.815684,-0.19393,3.03507,7.08182
-3.57335,3.57335,-1.0052,-0.693683,0.693683,-0.19393,4.04676,7.08182
-4.20182,2.80757,-1.0052,-0.815684,0.545023,-0.19393,5.05845,7.08182
-4.66881,1.93388,-1.0052,-0.90634,0.375418,-0.19393,6.07013,7.08182
-4.95639,0.985885,-1.0052,-0.962165,0.191386,-0.19393,7.08182,7.08182
-5.05349,-1.64663e-06,-1.0052,-0.981015,-2.98656e-07,-0.19393,8.09351,7.08182
-4.95638,-0.985888,-1.0052,-0.962165,-0.191387,-0.19393,9.1052,7.08182
-4.66881,-1.93389,-1.0052,-0.90634,-0.375419,-0.19393,10.1169,7.08182
-4.20182,-2.80757,-1.0052,-0.815684,-0.545023,-0.19393,11.1286,7.08182
-3.57335,-3.57336,-1.0052,-0.693682,-0.693683,-0.19393,12.1403,7.08182
-2.80756,-4.20182,-1.0052,-0.545022,-0.815685,-0.19393,13.152,7.08182
-1.93388,-4.66881,-1.0052,-0.375418,-0.90634,-0.19393,14.1636,7.08182
-0.985882,-4.95639,-1.0052,-0.191386,-0.962166,-0.19393,15.1753,7.08182
4.87964e-06,-5.05349,-1.0052,7.82767e-07,-0.981015,-0.19393,16.187,7.08182
0.985891,-4.95638,-1.0052,0.191388,-0.962165,-0.19393,17.1987,7.08182
1.93389,-4.66881,-1.0052,0.375419,-0.90634,-0.19393,18.2104,7.08182
2.80757,-4.20182,-1.0052,0.545024,-0.815684,-0.19393,19.2221,7.08182
3.57336,-3.57335,-1.0052,0.693683,-0.693682,-0.19393,20.2338,7.08182
4.20182,-2.80756,-1.0052,0.815685,-0.545022,-0.19393,21.2455,7.08182
4.66882,-1.93388,-1.0052,0.906341,-0.375417,-0.19393,22.2572,7.08182
4.95639,-0.985879,-1.0052,0.962166,-0.191385,-0.19393,23.2689,7.08182
5.05349,8.11265e-06,-1.0052,0.981015,1.56313e-06,-0.19393,24.2805,7.08182
4.95638,0.985895,-1.0052,0.962165,0.191388,-0.19393,25.2922,7.08182
4.66881,1.93389,-1.0052,0.906339,0.37542,-0.19393,26.3039,7.08182
4.20182,2.80757,-1.0052,0.815683,0.545024,-0.19393,27.3156,7.08182
3.57335,3.57336,-1.0052,0.693681,0.693684,-0.19393,28.3273,7.08182
2.80756,4.20183,-1.0052,0.545021,0.815686,-0.19393,29.339,7.08182
1.93388,4.66882,-1.0052,0.375416,0.906341,-0.19393,30.3507,7.08182
0.985876,4.95639,-1.0052,0.191385,0.962166,-0.19393,31.3624,7.08182
-2.20895e-07,5.05349,-1.0052,-7.53865e-07,0.981015,-0.19393,32.3741,7.08182
-0.928685,4.66881,-1.97177,-0.180413,0.906996,-0.380537,1.01169,6.07014
-2.08078e-07,4.76028,-1.97177,-6.64182e-07,0.924766,-0.380537,0,6.07014
-1.82168,4.39793,-1.97177,-0.353892,0.854372,-0.380537,2.02338,6.07014
-2.64467,3.95803,-1.97177,-0.513772,0.768915,-0.380537,3.03507,6.07014
-3.36603,3.36603,-1.97177,-0.653908,0.653908,-0.380537,4.04676,6.07014
-3.95803,2.64467,-1.97177,-0.768915,0.513772,-0.380537,5.05845,6.07014
-4.39793,1.82168,-1.97177,-0.854372,0.353892,-0.380537,6.07013,6.07014
-4.66881,0.928683,-1.97177,-0.906997,0.180413,-0.380537,7.08182,6.07014
-4.76028,-1.5511e-06,-1.97177,-0.924766,-2.38239e-07,-0.380537,8.09351,6.07014
-4.66881,-0.928686,-1.97177,-0.906996,-0.180413,-0.380537,9.1052,6.07014
-4.39792,-1.82168,-1.97177,-0.854372,-0.353893,-0.380537,10.1169,6.07014
-3.95803,-2.64467,-1.97177,-0.768914,-0.513772,-0.380537,11.1286,6.07014
-3.36602,-3.36603,-1.97177,-0.653908,-0.653908,-0.380537,12.1403,6.07014
-2.64467,-3.95803,-1.97177,-0.513772,-0.768915,-0.380537,13.152,6.07014
-1.82168,-4.39793,-1.97177,-0.353892,-0.854372,-0.380537,14.1636,6.07014
-0.92868,-4.66881,-1.97177,-0.180412,-0.906997,-0.380537,15.1753,6.07014
4.59652e-06,-4.76028,-1.97177,7.14717e-07,-0.924766,-0.380537,16.187,6.07014
0.928689,-4.66881,-1.97177,0.180414,-0.906996,-0.380537,17.1987,6.07014
1.82169,-4.39792,-1.97177,0.353893,-0.854372,-0.380537,18.2104,6.07014
2.64467,-3.95802,-1.97177,0.513773,-0.768914,-0.380537,19.2221,6.07014
3.36603,-3.36602,-1.97177,0.653909,-0.653907,-0.380537,20.2338,6.07014
3.95803,-2.64466,-1.97177,0.768915,-0.513771,-0.380537,21.2455,6.07014
4.39793,-1.82167,-1.97177,0.854373,-0.353891,-0.380537,22.2572,6.07014
4.66881,-0.928677,-1.97177,0.906997,-0.180411,-0.380537,23.2689,6.07014
4.76028,7.64195e-06,-1.97177,0.924766,1.44147e-06,-0.380537,24.2805,6.07014
4.66881,0.928692,-1.97177,0.906996,0.180414,-0.380537,25.2922,6.07014
4.39792,1.82169,-1.97177,0.854371,0.353894,-0.380537,26.3039,6.07014
3.95802,2.64468,-1.97177,0.768914,0.513774,-0.380537,27.3156,6.07014
3.36602,3.36603,-1.97177,0.653907,0.653909,-0.380537,28.3273,6.07014
2.64466,3.95803,-1.97177,0.513771,0.768916,-0.380537,29.339,6.07014
1.82167,4.39793,-1.97177,0.353891,0.854373,-0.380537,30.3507,6.07014
0.928674,4.66881,-1.97177,0.180411,0.906997,-0.380537,31.3624,6.07014
-2.08078e-07,4.76028,-1.97177,-6.64182e-07,0.924766,-0.380537,32.3741,6.07014
-0.835794,4.20182,-2.86257,-0.162576,0.817327,-0.552761,1.01169,5.05845
-1.87266e-07,4.28414,-2.86257,-6.39269e-07,0.83334,-0.552761,0,5.05845
-1.63947,3.95803,-2.86257,-0.318905,0.769906,-0.552761,2.02338,5.05845
-2.38014,3.56213,-2.86257,-0.462979,0.692897,-0.552761,3.03507,5.05845
-3.02934,3.02934,-2.86257,-0.58926,0.58926,-0.552761,4.04676,5.05845
-3.56213,2.38014,-2.86257,-0.692897,0.462979,-0.552761,5.05845,5.05845
-3.95803,1.63947,-2.86257,-0.769906,0.318905,-0.552761,6.07013,5.05845
-4.20182,0.835793,-2.86257,-0.817327,0.162576,-0.552761,7.08182,5.05845
-4.28414,-1.39595e-06,-2.86257,-0.83334,-2.11487e-07,-0.552761,8.09351,5.05845
-4.20182,-0.835796,-2.86257,-0.817327,-0.162577,-0.552761,9.1052,5.05845
-3.95803,-1.63947,-2.86257,-0.769905,-0.318906,-0.552761,10.1169,5.05845
-3.56213,-2.38014,-2.86257,-0.692896,-0.462979,-0.552761,11.1286,5.05845
-3.02934,-3.02935,-2.86257,-0.58926,-0.589261,-0.552761,12.1403,5.05845
-2.38014,-3.56213,-2.86257,-0.462978,-0.692897,-0.552761,13.152,5.05845
-1.63947,-3.95803,-2.86257,-0.318905,-0.769906,-0.552761,14.1636,5.05845
-0.83579,-4.20182,-2.86257,-0.162576,-0.817327,-0.552761,15.1753,5.05845
4.13676e-06,-4.28414,-2.86257,6.82527e-07,-0.83334,-0.552761,16.187,5.05845
0.835798,-4.20182,-2.86257,0.162577,-0.817327,-0.552761,17.1987,5.05845
1.63947,-3.95803,-2.86257,0.318906,-0.769905,-0.552761,18.2104,5.05845
2.38014,-3.56213,-2.86257,0.46298,-0.692896,-0.552761,19.2221,5.05845
3.02935,-3.02934,-2.86257,0.589261,-0.589259,-0.552761,20.2338,5.05845
3.56213,-2.38014,-2.86257,0.692897,-0.462978,-0.552761,21.2455,5.05845
3.95803,-1.63946,-2.86257,0.769906,-0.318904,-0.552761,22.2572,5.05845
4.20182,-0.835788,-2.86257,0.817328,-0.162575,-0.552761,23.2689,5.05845
4.28414,6.87757e-06,-2.86257,0.83334,1.23167e-06,-0.552761,24.2805,5.05845
4.20182,0.835801,-2.86257,0.817327,0.162578,-0.552761,25.2922,5.05845
3.95803,1.63948,-2.86257,0.769905,0.318907,-0.552761,26.3039,5.05845
3.56213,2.38015,-2.86257,0.692896,0.46298,-0.552761,27.3156,5.05845
3.02934,3.02935,-2.86257,0.589259,0.589261,-0.552761,28.3273,5.05845
2.38013,3.56214,-2.86257,0.462977,0.692898,-0.552761,29.339,5.05845
1.63946,3.95803,-2.86257,0.318904,0.769906,-0.552761,30.3507,5.05845
0.835785,4.20182,-2.86257,0.162575,0.817328,-0.552761,31.3624,5.05845
-1.87266e-07,4.28414,-2.86257,-6.39269e-07,0.83334,-0.552761,32.3741,5.05845
-0.710784,3.57335,-3.64336,-0.138542,0.696496,-0.704059,1.01169,4.04676
-1.59256e-07,3.64336,-3.64336,-5.96218e-07,0.710141,-0.704059,0,4.04676
-1.39425,3.36603,-3.64336,-0.271759,0.656085,-0.704059,2.02338,4.04676
-2.02414,3.02934,-3.64336,-0.394533,0.590461,-0.704059,3.03507,4.04676
-2.57624,2.57624,-3.64336,-0.502146,0.502146,-0.704059,4.04676,4.04676
-3.02934,2.02414,-3.64336,-0.590461,0.394533,-0.704059,5.05845,4.04676
-3.36603,1.39425,-3.64336,-0.656085,0.271759,-0.704059,6.07013,4.04676
-3.57335,0.710783,-3.64336,-0.696496,0.138542,-0.704059,7.08182,4.04676
-3.64336,-1.18716e-06,-3.64336,-0.710141,-1.52354e-07,-0.704059,8.09351,4.04676
-3.57335,-0.710786,-3.64336,-0.696496,-0.138542,-0.704059,9.1052,4.04676
-3.36603,-1.39426,-3.64336,-0.656085,-0.27176,-0.704059,10.1169,4.04676
-3.02934,-2.02414,-3.64336,-0.590461,-0.394534,-0.704059,11.1286,4.04676
-2.57624,-2.57625,-3.64336,-0.502145,-0.502146,-0.704059,12.1403,4.04676
-2.02414,-3.02934,-3.64336,-0.394533,-0.590461,-0.704059,13.152,4.04676
-1.39425,-3.36603,-3.64336,-0.271759,-0.656085,-0.704059,14.1636,4.04676
-0.710781,-3.57335,-3.64336,-0.138541,-0.696496,-0.704059,15.1753,4.04676
3.51803e-06,-3.64336,-3.64336,6.2261e-07,-0.710141,-0.704059,16.187,4.04676
0.710788,-3.57335,-3.64336,0.138542,-0.696496,-0.704059,17.1987,4.04676
1.39426,-3.36602,-3.64336,0.27176,-0.656085,-0.704059,18.2104,4.04676
2.02415,-3.02934,-3.64336,0.394534,-0.59046,-0.704059,19.2221,4.04676
2.57625,-2.57624,-3.64336,0.502146,-0.502145,-0.704059,20.2338,4.04676
3.02935,-2.02414,-3.64336,0.590461,-0.394533,-0.704059,21.2455,4.04676
3.36603,-1.39425,-3.64336,0.656086,-0.271758,-0.704059,22.2572,4.04676
3.57336,-0.710779,-3.64336,0.696496,-0.138541,-0.704059,23.2689,4.04676
3.64336,5.84889e-06,-3.64336,0.710141,1.05448e-06,-0.704059,24.2805,4.04676
3.57335,0.71079,-3.64336,0.696496,0.138543,-0.704059,25.2922,4.04676
3.36602,1.39426,-3.64336,0.656085,0.271761,-0.704059,26.3039,4.04676
3.02934,2.02415,-3.64336,0.59046,0.394535,-0.704059,27.3156,4.04676
2.57624,2.57625,-3.64336,0.502145,0.502147,-0.704059,28.3273,4.04676
2.02414,3.02935,-3.64336,0.394532,0.590462,-0.704059,29.339,4.04676
1.39425,3.36603,-3.64336,0.271758,0.656086,-0.704059,30.3507,4.04676
0.710777,3.57336,-3.64336,0.138541,0.696496,-0.704059,31.3624,4.04676
-1.59256e-07,3.64336,-3.64336,-5.96218e-07,0.710141,-0.704059,32.3741,4.04676
-1.25127e-07,2.86257,-4.28414,-4.34668e-07,0.559775,-0.828645,0,3.03507
-0.55846,2.80757,-4.28414,-0.109207,0.549019,-0.828645,1.01169,3.03507
-1.09546,2.64467,-4.28414,-0.214216,0.517165,-0.828645,2.02338,3.03507
-1.59036,2.38014,-4.28414,-0.310994,0.465436,-0.828645,3.03507,3.03507
-2.02414,2.02414,-4.28414,-0.395821,0.395821,-0.828645,4.04676,3.03507
-2.38014,1.59036,-4.28414,-0.465436,0.310994,-0.828645,5.05845,3.03507
-2.64467,1.09546,-4.28414,-0.517165,0.214217,-0.828645,6.07013,3.03507
-2.80757,0.558459,-4.28414,-0.549019,0.109206,-0.828645,7.08182,3.03507
-2.86257,-9.32744e-07,-4.28414,-0.559775,-1.14953e-07,-0.828645,8.09351,3.03507
-2.80757,-0.558461,-4.28414,-0.549019,-0.109207,-0.828645,9.1052,3.03507
-2.64467,-1.09546,-4.28414,-0.517165,-0.214217,-0.828645,10.1169,3.03507
-2.38014,-1.59036,-4.28414,-0.465436,-0.310995,-0.828645,11.1286,3.03507
-2.02414,-2.02414,-4.28414,-0.39582,-0.395821,-0.828645,12.1403,3.03507
-1.59036,-2.38014,-4.28414,-0.310994,-0.465436,-0.828645,13.152,3.03507
-1.09546,-2.64467,-4.28414,-0.214216,-0.517165,-0.828645,14.1636,3.03507
-0.558457,-2.80757,-4.28414,-0.109206,-0.549019,-0.828645,15.1753,3.03507
2.76409e-06,-2.86257,-4.28414,5.37647e-07,-0.559775,-0.828645,16.187,3.03507
0.558463,-2.80757,-4.28414,0.109207,-0.549019,-0.828645,17.1987,3.03507
1.09546,-2.64467,-4.28414,0.214217,-0.517164,-0.828645,18.2104,3.03507
1.59036,-2.38014,-4.28414,0.310995,-0.465436,-0.828645,19.2221,3.03507
2.02414,-2.02414,-4.28414,0.395821,-0.39582,-0.828645,20.2338,3.03507
2.38014,-1.59036,-4.28414,0.465436,-0.310994,-0.828645,21.2455,3.03507
2.64467,-1.09545,-4.28414,0.517165,-0.214216,-0.828645,22.2572,3.03507
2.80757,-0.558455,-4.28414,0.549019,-0.109206,-0.828645,23.2689,3.03507
2.86257,4.59545e-06,-4.28414,0.559775,8.394e-07,-0.828645,24.2805,3.03507
2.80757,0.558464,-4.28414,0.549019,0.109208,-0.828645,25.2922,3.03507
2.64467,1.09546,-4.28414,0.517164,0.214218,-0.828645,26.3039,3.03507
2.38014,1.59036,-4.28414,0.465435,0.310995,-0.828645,27.3156,3.03507
2.02414,2.02415,-4.28414,0.39582,0.395821,-0.828645,28.3273,3.03507
1.59035,2.38014,-4.28414,0.310993,0.465437,-0.828645,29.339,3.03507
1.09545,2.64467,-4.28414,0.214216,0.517165,-0.828645,30.3507,3.03507
0.558454,2.80757,-4.28414,0.109206,0.549019,-0.828645,31.3624,3.03507
-1.25127e-07,2.86257,-4.28414,-4.34668e-07,0.559775,-0.828645,32.3741,3.03507
-8.61889e-08,1.97177,-4.76028,-2.8327e-07,0.387887,-0.921707,0,2.02338
-0.384674,1.93388,-4.76028,-0.075673,0.380434,-0.921707,1.01169,2.02338
-0.754564,1.82168,-4.76028,-0.148438,0.358361,-0.921707,2.02338,2.02338
-1.09546,1.63947,-4.76028,-0.215498,0.322516,-0.921707,3.03507,2.02338
-1.39425,1.39425,-4.76028,-0.274277,0.274277,-0.921707,4.04676,2.02338
-1.63947,1.09546,-4.76028,-0.322516,0.215498,-0.921707,5.05845,2.02338
-1.82168,0.754564,-4.76028,-0.358361,0.148438,-0.921707,6.07013,2.02338
-1.93388,0.384673,-4.76028,-0.380434,0.0756728,-0.921707,7.08182,2.02338
-1.97177,-6.42485e-07,-4.76028,-0.387887,-9.92043e-08,-0.921707,8.09351,2.02338
-1.93388,-0.384674,-4.76028,-0.380434,-0.0756731,-0.921707,9.1052,2.02338
-1.82168,-0.754565,-4.76028,-0.358361,-0.148438,-0.921707,10.1169,2.02338
-1.63947,-1.09546,-4.76028,-0.322516,-0.215499,-0.921707,11.1286,2.02338
-1.39425,-1.39425,-4.76028,-0.274277,-0.274278,-0.921707,12.1403,2.02338
-1.09546,-1.63947,-4.76028,-0.215498,-0.322516,-0.921707,13.152,2.02338
-0.754563,-1.82168,-4.76028,-0.148438,-0.358361,-0.921707,14.1636,2.02338
-0.384672,-1.93388,-4.76028,-0.0756726,-0.380434,-0.921707,15.1753,2.02338
1.90394e-06,-1.97177,-4.76028,3.80084e-07,-0.387887,-0.921707,16.187,2.02338
0.384676,-1.93388,-4.76028,0.0756734,-0.380434,-0.921707,17.1987,2.02338
0.754566,-1.82168,-4.76028,0.148438,-0.358361,-0.921707,18.2104,2.02338
1.09546,-1.63947,-4.76028,0.215499,-0.322516,-0.921707,19.2221,2.02338
1.39425,-1.39425,-4.76028,0.274278,-0.274277,-0.921707,20.2338,2.02338
1.63947,-1.09546,-4.76028,0.322516,-0.215498,-0.921707,21.2455,2.02338
1.82168,-0.754562,-4.76028,0.358361,-0.148437,-0.921707,22.2572,2.02338
1.93389,-0.384671,-4.76028,0.380434,-0.0756724,-0.921707,23.2689,2.02338
1.97177,3.1654e-06,-4.76028,0.387887,5.90445e-07,-0.921707,24.2805,2.02338
1.93388,0.384677,-4.76028,0.380434,0.0756736,-0.921707,25.2922,2.02338
1.82168,0.754568,-4.76028,0.358361,0.148439,-0.921707,26.3039,2.02338
1.63947,1.09546,-4.76028,0.322516,0.215499,-0.921707,27.3156,2.02338
1.39425,1.39426,-4.76028,0.274277,0.274278,-0.921707,28.3273,2.02338
1.09545,1.63947,-4.76028,0.215498,0.322517,-0.921707,29.339,2.02338
0.754561,1.82168,-4.76028,0.148437,0.358361,-0.921707,30.3507,2.02338
0.384669,1.93389,-4.76028,0.0756724,0.380434,-0.921707,31.3624,2.02338
-8.61889e-08,1.97177,-4.76028,-2.8327e-07,0.387887,-0.921707,32.3741,2.02338
-4.39387e-08,1.0052,-5.05349,-1.51987e-07,0.200969,-0.979598,0,1.01169
-0.196105,0.985885,-5.05349,-0.039207,0.197107,-0.979598,1.01169,1.01169
-0.384673,0.928683,-5.05349,-0.0769074,0.185671,-0.979598,2.02338,1.01169
-0.558459,0.835793,-5.05349,-0.111652,0.167099,-0.979598,3.03507,1.01169
-0.710783,0.710783,-5.05349,-0.142106,0.142106,-0.979598,4.04676,1.01169
-0.835793,0.558459,-5.05349,-0.167099,0.111652,-0.979598,5.05845,1.01169
-0.928684,0.384673,-5.05349,-0.185671,0.0769073,-0.979598,6.07013,1.01169
-0.985885,0.196104,-5.05349,-0.197107,0.039207,-0.979598,7.08182,1.01169
-1.0052,-3.27536e-07,-5.05349,-0.200969,-6.56275e-08,-0.979598,8.09351,1.01169
-0.985885,-0.196105,-5.05349,-0.197107,-0.0392071,-0.979598,9.1052,1.01169
-0.928683,-0.384674,-5.05349,-0.185671,-0.0769074,-0.979598,10.1169,1.01169
-0.835793,-0.55846,-5.05349,-0.167099,-0.111652,-0.979598,11.1286,1.01169
-0.710783,-0.710784,-5.05349,-0.142106,-0.142106,-0.979598,12.1403,1.01169
-0.558458,-0.835793,-5.05349,-0.111652,-0.167099,-0.979598,13.152,1.01169
-0.384672,-0.928684,-5.05349,-0.0769072,-0.185671,-0.979598,14.1636,1.01169
-0.196104,-0.985885,-5.05349,-0.0392068,-0.197107,-0.979598,15.1753,1.01169
9.7062e-07,-1.0052,-5.05349,1.8674e-07,-0.200969,-0.979598,16.187,1.01169
0.196106,-0.985885,-5.05349,0.0392072,-0.197107,-0.979598,17.1987,1.01169
0.384674,-0.928683,-5.05349,0.0769076,-0.185671,-0.979598,18.2104,1.01169
0.55846,-0.835792,-5.05349,0.111652,-0.167099,-0.979598,19.2221,1.01169
0.710784,-0.710783,-5.05349,0.142106,-0.142106,-0.979598,20.2338,1.01169
0.835794,-0.558458,-5.05349,0.167099,-0.111652,-0.979598,21.2455,1.01169
0.928684,-0.384672,-5.05349,0.185671,-0.0769071,-0.979598,22.2572,1.01169
0.985885,-0.196103,-5.05349,0.197107,-0.0392067,-0.979598,23.2689,1.01169
1.0052,1.6137e-06,-5.05349,0.200969,3.07107e-07,-0.979598,24.2805,1.01169
0.985885,0.196106,-5.05349,0.197107,0.0392074,-0.979598,25.2922,1.01169
0.928683,0.384675,-5.05349,0.185671,0.0769077,-0.979598,26.3039,1.01169
0.835792,0.558461,-5.05349,0.167099,0.111653,-0.979598,27.3156,1.01169
0.710782,0.710785,-5.05349,0.142106,0.142107,-0.979598,28.3273,1.01169
0.558457,0.835794,-5.05349,0.111652,0.1671,-0.979598,29.339,1.01169
0.384671,0.928684,-5.05349,0.076907,0.185671,-0.979598,30.3507,1.01169
0.196103,0.985886,-5.05349,0.0392067,0.197107,-0.979598,31.3624,1.01169
-4.39387e-08,1.0052,-5.05349,-1.51987e-07,0.200969,-0.979598,32.3741,1.01169
0,0,-5.15249,-2.98034e-08,-1.82599e-08,-1,0,-1.92964e-06
0,0,-5.15249,-2.98034e-08,-1.82599e-08,-1,1.01169,-1.92964e-06
0,0,-5.15249,-2.98034e-08,-1.82599e-08,-1,2.02338,-1.92964e-06
0,0,-5.15249,-2.98034e-08,-1.82599e-08,-1,3.03507,-1.92964e-06
0,0,-5.15249,-2.98034e-08,-1.82599e-08,-1,4.04676,-1.92964e-06
0,0,-5.15249,-2.98034e-08,-1.82599e-08,-1,5.05845,-1.92964e-06
0,0,-5.15249,-2.98034e-08,-1.82599e-08,-1,6.07013,-1.92964e-06
0,0,-5.15249,-2.98034e-08,-1.82599e-08,-1,7.08182,-1.92964e-06
0,0,-5.15249,-2.98034e-08,-1.82599e-08,-1,8.09351,-1.92964e-06
0,0,-5.15249,-2.98034e-08,-1.82599e-08,-1,9.1052,-1.92964e-06
0,0,-5.15249,-2.98034e-08,-1.82599e-08,-1,10.1169,-1.92964e-06
0,0,-5.15249,-2.98034e-08,-1.82599e-08,-1,11.1286,-1.92964e-06
0,0,-5.15249,-2.98034e-08,-1.82599e-08,-1,12.1403,-1.92964e-06
0,0,-5.15249,-2.98034e-08,-1.82599e-08,-1,13.152,-1.92964e-06
0,0,-5.15249,-2.98034e-08,-1.82599e-08,-1,14.1636,-1.92964e-06
0,0,-5.15249,-2.98034e-08,-1.82599e-08,-1,15.1753,-1.92964e-06
0,0,-5.15249,-2.98034e-08,-1.82599e-08,-1,16.187,-1.92964e-06
0,0,-5.15249,-2.98034e-08,-1.82599e-08,-1,17.1987,-1.92964e-06
0,0,-5.15249,-2.98034e-08,-1.82599e-08,-1,18.2104,-1.92964e-06
0,0,-5.15249,-2.98034e-08,-1.82599e-08,-1,19.2221,-1.92964e-06
0,0,-5.15249,-2.98034e-08,-1.82599e-08,-1,20.2338,-1.92964e-06
0,0,-5.15249,-2.98034e-08,-1.82599e-08,-1,21.2455,-1.92964e-06
0,0,-5.15249,-2.98034e-08,-1.82599e-08,-1,22.2572,-1.92964e-06
0,0,-5.15249,-2.98034e-08,-1.82599e-08,-1,23.2689,-1.92964e-06
0,0,-5.15249,-2.98034e-08,-1.82599e-08,-1,24.2805,-1.92964e-06
0,0,-5.15249,-2.98034e-08,-1.82599e-08,-1,25.2922,-1.92964e-06
0,0,-5.15249,-2.98034e-08,-1.82599e-08,-1,26.3039,-1.92964e-06
0,0,-5.15249,-2.98034e-08,-1.82599e-08,-1,27.3156,-1.92964e-06
0,0,-5.15249,-2.98034e-08,-1.82599e-08,-1,28.3273,-1.92964e-06
0,0,-5.15249,-2.98034e-08,-1.82599e-08,-1,29.339,-1.92964e-06
0,0,-5.15249,-2.98034e-08,-1.82599e-08,-1,30.3507,-1.92964e-06
0,0,-5.15249,-2.98034e-08,-1.82599e-08,-1,31.3624,-1.92964e-06
0 1 2 
3 2 4 
5 4 6 
7 6 8 
9 8 10 
11 10 12 
13 12 14 
15 14 16 
17 16 18 
19 18 20 
21 20 22 
23 22 24 
25 24 26 
27 26 28 
29 28 30 
31 30 32 
33 32 34 
35 34 36 
37 36 38 
39 38 40 
41 40 42 
43 42 44 
45 44 46 
47 46 48 
49 48 50 
51 50 52 
53 52 54 
55 54 56 
57 56 58 
59 58 60 
61 60 62 
63 62 64 
65 1 66 
1 65 2 
4 65 67 
65 4 2 
6 67 68 
67 6 4 
69 8 6 
69 6 68 
10 69 70 
69 10 8 
71 12 10 
10 70 71 
12 71 72 
12 72 14 
72 16 14 
16 72 73 
16 73 74 
16 74 18 
74 20 18 
20 74 75 
75 22 20 
22 75 76 
24 76 77 
76 24 22 
26 77 78 
77 26 24 
79 28 26 
79 26 78 
80 30 28 
28 79 80 
32 80 81 
80 32 30 
82 34 32 
32 81 82 
82 36 34 
36 82 83 
83 38 36 
38 83 84 
85 38 84 
38 85 40 
85 42 40 
42 85 86 
87 42 86 
42 87 44 
44 88 46 
88 44 87 
48 88 89 
88 48 46 
90 50 48 
90 48 89 
52 90 91 
90 52 50 
54 91 92 
91 54 52 
93 56 54 
54 92 93 
93 58 56 
58 93 94 
58 94 95 
58 95 60 
95 62 60 
62 95 96 
97 62 96 
62 97 64 
98 66 99 
66 98 65 
67 98 100 
98 67 65 
101 68 67 
101 67 100 
69 101 102 
101 69 68 
103 70 69 
69 102 103 
103 71 70 
71 103 104 
71 104 105 
71 105 72 
105 73 72 
73 105 106 
106 74 73 
74 106 107 
108 74 107 
74 108 75 
108 76 75 
76 108 109 
109 77 76 
77 109 110 
111 78 77 
111 77 110 
112 79 78 
112 78 111 
113 80 79 
79 112 113 
81 113 114 
113 81 80 
81 114 115 
81 115 82 
115 83 82 
83 115 116 
116 84 83 
84 116 117 
118 84 117 
84 118 85 
118 86 85 
86 118 119 
120 86 119 
86 120 87 
87 121 88 
121 87 120 
89 121 122 
121 89 88 
90 122 123 
122 90 89 
124 91 90 
90 123 124 
125 92 91 
91 124 125 
92 125 126 
92 126 93 
126 94 93 
94 126 127 
127 128 94 
94 128 95 
128 96 95 
96 128 129 
130 96 129 
96 130 97 
131 99 132 
99 131 98 
100 131 133 
131 100 98 
134 101 100 
134 100 133 
135 102 101 
101 134 135 
103 135 136 
135 103 102 
136 104 103 
104 136 137 
104 137 138 
104 138 105 
138 106 105 
106 138 139 
139 107 106 
107 139 140 
141 107 140 
107 141 108 
141 109 108 
109 141 142 
142 110 109 
110 142 143 
111 143 144 
143 111 110 
112 144 145 
144 112 111 
146 113 112 
112 145 146 
114 146 147 
146 114 113 
114 147 148 
114 148 115 
115 148 149 
115 149 116 
149 117 116 
117 149 150 
151 117 150 
117 151 118 
151 119 118 
119 151 152 
153 119 152 
119 153 120 
120 154 121 
154 120 153 
122 154 155 
154 122 121 
123 155 156 
155 123 122 
157 124 123 
123 156 157 
125 157 158 
157 125 124 
125 158 159 
125 159 126 
159 127 126 
127 159 160 
160 128 127 
128 160 161 
161 129 128 
129 161 162 
163 129 162 
129 163 130 
164 131 132 
131 164 165 
165 133 131 
133 165 166 
166 134 133 
134 166 167 
135 134 168 
134 167 168 
136 168 169 
168 136 135 
170 137 136 
136 169 170 
138 137 171 
137 170 171 
139 138 172 
138 171 172 
172 140 139 
140 172 173 
173 141 140 
141 173 174 
174 142 141 
142 174 175 
176 142 175 
142 176 143 
143 177 144 
177 143 176 
178 145 144 
144 177 178 
146 145 179 
145 178 179 
147 146 180 
146 179 180 
180 148 147 
148 180 181 
181 149 148 
149 181 182 
182 150 149 
150 182 183 
184 150 183 
150 184 151 
184 152 151 
152 184 185 
186 153 152 
152 185 186 
154 153 187 
153 186 187 
155 154 188 
154 187 188 
188 156 155 
156 188 189 
189 157 156 
157 189 190 
190 158 157 
158 190 191 
191 192 158 
158 192 159 
192 160 159 
160 192 193 
194 161 160 
160 193 194 
162 161 195 
161 194 195 
163 162 196 
162 195 196 
165 197 198 
197 165 164 
198 166 165 
166 198 199 
199 167 166 
167 199 200 
200 168 167 
168 200 201 
202 169 168 
168 201 202 
170 169 203 
169 202 203 
171 170 204 
170 203 204 
172 171 205 
171 204 205 
173 205 206 
205 173 172 
206 174 173 
174 206 207 
207 175 174 
175 207 208 
208 176 175 
176 208 209 
210 177 176 
176 209 210 
178 177 211 
177 210 211 
179 178 212 
178 211 212 
180 179 213 
179 212 213 
181 213 214 
213 181 180 
214 182 181 
182 214 215 
215 183 182 
183 215 216 
216 184 183 
184 216 217 
218 185 184 
184 217 218 
186 185 219 
185 218 219 
187 186 220 
186 219 220 
188 187 221 
187 220 221 
189 221 222 
221 189 188 
222 190 189 
190 222 223 
223 191 190 
191 223 224 
224 192 191 
192 224 225 
226 193 192 
192 225 226 
194 193 227 
193 226 227 
195 194 228 
194 227 228 
196 195 229 
195 228 229 
198 230 231 
230 198 197 
199 231 232 
231 199 198 
232 200 199 
200 232 233 
233 201 200 
201 233 234 
235 202 201 
201 234 235 
203 202 236 
202 235 236 
204 203 237 
203 236 237 
205 204 238 
204 237 238 
206 238 239 
238 206 205 
207 239 240 
239 207 206 
240 208 207 
208 240 241 
241 209 208 
209 241 242 
243 210 209 
209 242 243 
211 210 244 
210 243 244 
212 211 245 
211 244 245 
213 212 246 
212 245 246 
214 246 247 
246 214 213 
215 247 248 
247 215 214 
248 216 215 
216 248 249 
249 217 216 
217 249 250 
251 218 217 
217 250 251 
219 218 252 
218 251 252 
220 219 253 
219 252 253 
221 220 254 
220 253 254 
222 254 255 
254 222 221 
223 255 256 
255 223 222 
256 224 223 
224 256 257 
257 225 224 
225 257 258 
259 226 225 
225 258 259 
227 226 260 
226 259 260 
228 227 261 
227 260 261 
229 228 262 
228 261 262 
231 263 264 
263 231 230 
232 264 265 
264 232 231 
233 265 266 
265 233 232 
234 266 267 
266 234 233 
235 234 268 
234 267 268 
236 235 269 
235 268 269 
237 236 270 
236 269 270 
238 237 271 
237 270 271 
239 271 272 
271 239 238 
240 272 273 
272 240 239 
241 273 274 
273 241 240 
242 274 275 
274 242 241 
243 242 276 
242 275 276 
244 243 277 
243 276 277 
245 244 278 
244 277 278 
246 245 279 
245 278 279 
247 279 280 
279 247 246 
248 280 281 
280 248 247 
249 281 282 
281 249 248 
250 282 283 
282 250 249 
251 250 284 
250 283 284 
252 251 285 
251 284 285 
253 252 286 
252 285 286 
254 253 287 
253 286 287 
255 287 288 
287 255 254 
256 288 289 
288 256 255 
257 289 290 
289 257 256 
258 290 291 
290 258 257 
259 258 292 
258 291 292 
260 259 293 
259 292 293 
261 260 294 
260 293 294 
262 261 295 
261 294 295 
264 263 296 
263 297 296 
265 264 298 
264 296 298 
266 265 299 
265 298 299 
267 266 300 
266 299 300 
268 300 301 
300 268 267 
269 301 302 
301 269 268 
270 302 303 
302 270 269 
271 303 304 
303 271 270 
272 271 305 
271 304 305 
273 272 306 
272 305 306 
274 273 307 
273 306 307 
275 274 308 
274 307 308 
276 308 309 
308 276 275 
277 309 310 
309 277 276 
278 310 311 
310 278 277 
279 311 312 
311 279 278 
280 279 313 
279 312 313 
281 280 314 
280 313 314 
282 281 315 
281 314 315 
283 282 316 
282 315 316 
284 316 317 
316 284 283 
285 317 318 
317 285 284 
286 318 319 
318 286 285 
287 319 320 
319 287 286 
288 287 321 
287 320 321 
289 288 322 
288 321 322 
290 289 323 
289 322 323 
291 290 324 
290 323 324 
292 324 325 
324 292 291 
293 325 326 
325 293 292 
294 326 327 
326 294 293 
295 327 328 
327 295 294 
296 297 329 
297 330 329 
298 296 331 
296 329 331 
299 298 332 
298 331 332 
300 299 333 
299 332 333 
333 301 300 
301 333 334 
302 334 335 
334 302 301 
303 335 336 
335 303 302 
304 336 337 
336 304 303 
305 304 338 
304 337 338 
306 305 339 
305 338 339 
307 306 340 
306 339 340 
308 307 341 
307 340 341 
341 309 308 
309 341 342 
310 342 343 
342 310 309 
311 343 344 
343 311 310 
312 344 345 
344 312 311 
313 312 346 
312 345 346 
314 313 347 
313 346 347 
315 314 348 
314 347 348 
316 315 349 
315 348 349 
349 317 316 
317 349 350 
318 350 351 
350 318 317 
319 351 352 
351 319 318 
320 352 353 
352 320 319 
321 320 354 
320 353 354 
322 321 355 
321 354 355 
323 322 356 
322 355 356 
324 323 357 
323 356 357 
357 325 324 
325 357 358 
326 358 359 
358 326 325 
327 359 360 
359 327 326 
328 360 361 
360 328 327 
329 330 362 
330 363 362 
331 329 364 
329 362 364 
332 331 365 
331 364 365 
366 333 332 
332 365 366 
366 334 333 
334 366 367 
367 335 334 
335 367 368 
336 368 369 
368 336 335 
337 369 370 
369 337 336 
338 337 371 
337 370 371 
339 338 372 
338 371 372 
340 339 373 
339 372 373 
374 341 340 
340 373 374 
374 342 341 
342 374 375 
375 343 342 
343 375 376 
344 376 377 
376 344 343 
345 377 378 
377 345 344 
346 345 379 
345 378 379 
347 346 380 
346 379 380 
348 347 381 
347 380 381 
382 349 348 
348 381 382 
382 350 349 
350 382 383 
383 351 350 
351 383 384 
352 384 385 
384 352 351 
353 385 386 
385 353 352 
354 353 387 
353 386 387 
355 354 388 
354 387 388 
356 355 389 
355 388 389 
390 357 356 
356 389 390 
390 358 357 
358 390 391 
391 359 358 
359 391 392 
360 392 393 
392 360 359 
361 393 394 
393 361 360 
362 363 395 
363 396 395 
364 362 397 
362 395 397 
398 365 364 
364 397 398 
398 366 365 
366 398 399 
367 366 400 
366 399 400 
400 368 367 
368 400 401 
369 401 402 
401 369 368 
370 402 403 
402 370 369 
371 370 404 
370 403 404 
372 371 405 
371 404 405 
406 373 372 
372 405 406 
406 374 373 
374 406 407 
407 375 374 
375 407 408 
408 376 375 
376 408 409 
377 409 410 
409 377 376 
378 410 411 
410 378 377 
379 378 412 
378 411 412 
380 379 413 
379 412 413 
414 381 380 
380 413 414 
382 414 415 
414 382 381 
382 416 383 
416 382 415 
416 384 383 
384 416 417 
385 417 418 
417 385 384 
386 418 419 
418 386 385 
387 386 420 
386 419 420 
388 387 421 
387 420 421 
422 389 388 
388 421 422 
390 422 423 
422 390 389 
424 391 390 
390 423 424 
424 392 391 
392 424 425 
393 425 426 
425 393 392 
394 426 427 
426 394 393 
428 395 396 
395 428 429 
430 395 429 
395 430 397 
431 397 430 
397 431 398 
431 399 398 
399 431 432 
400 399 433 
399 432 433 
401 433 434 
433 401 400 
402 434 435 
434 402 401 
436 403 402 
436 402 435 
437 404 403 
437 403 436 
405 437 438 
437 405 404 
405 439 406 
439 405 438 
440 406 439 
406 440 407 
440 408 407 
408 440 441 
442 408 441 
408 442 409 
442 410 409 
410 442 443 
411 410 444 
410 443 444 
412 444 445 
444 412 411 
413 445 446 
445 413 412 
447 414 413 
447 413 446 
415 447 448 
447 415 414 
415 449 416 
449 415 448 
449 417 416 
417 449 450 
450 418 417 
418 450 451 
452 418 451 
418 452 419 
453 419 452 
419 453 420 
453 421 420 
421 453 454 
422 421 455 
421 454 455 
423 455 456 
455 423 422 
424 456 457 
456 424 423 
458 425 424 
458 424 457 
425 459 426 
459 425 458 
427 459 460 
459 427 426 
461 429 428 
429 461 462 
463 429 462 
429 463 430 
463 431 430 
431 463 464 
464 432 431 
432 464 465 
433 432 466 
432 465 466 
467 434 433 
433 466 467 
435 467 468 
467 435 434 
469 436 435 
469 435 468 
470 437 436 
470 436 469 
438 470 471 
470 438 437 
438 472 439 
472 438 471 
472 440 439 
440 472 473 
474 440 473 
440 474 441 
475 441 474 
441 475 442 
475 443 442 
443 475 476 
444 443 477 
443 476 477 
445 477 478 
477 445 444 
446 478 479 
478 446 445 
480 447 446 
480 446 479 
448 480 481 
480 448 447 
448 482 449 
482 448 481 
482 450 449 
450 482 483 
483 451 450 
451 483 484 
485 451 484 
451 485 452 
486 452 485 
452 486 453 
486 454 453 
454 486 487 
488 455 454 
454 487 488 
456 488 489 
488 456 455 
457 489 490 
489 457 456 
491 458 457 
491 457 490 
458 492 459 
492 458 491 
460 492 493 
492 460 459 
494 462 461 
462 494 495 
496 462 495 
462 496 463 
496 464 463 
464 496 497 
497 465 464 
465 497 498 
499 466 465 
465 498 499 
500 467 466 
466 499 500 
468 500 501 
500 468 467 
502 469 468 
502 468 501 
470 502 503 
502 470 469 
471 503 504 
503 471 470 
471 505 472 
505 471 504 
505 473 472 
473 505 506 
506 474 473 
474 506 507 
508 474 507 
474 508 475 
508 476 475 
476 508 509 
510 477 476 
476 509 510 
511 478 477 
477 510 511 
479 511 512 
511 479 478 
513 480 479 
513 479 512 
481 513 514 
513 481 480 
481 515 482 
515 481 514 
482 516 483 
516 482 515 
516 484 483 
484 516 517 
518 484 517 
484 518 485 
519 485 518 
485 519 486 
487 519 520 
519 487 486 
521 488 487 
487 520 521 
489 521 522 
521 489 488 
523 490 489 
523 489 522 
524 491 490 
524 490 523 
491 525 492 
525 491 524 
493 525 526 
525 493 492 
527 495 494 
528 496 495 
529 497 496 
530 498 497 
531 499 498 
532 500 499 
533 501 500 
534 502 501 
535 503 502 
536 504 503 
537 505 504 
538 506 505 
539 507 506 
540 508 507 
541 509 508 
542 510 509 
543 511 510 
544 512 511 
545 513 512 
546 514 513 
547 515 514 
548 516 515 
549 517 516 
550 518 517 
551 519 518 
552 520 519 
553 521 520 
554 522 521 
555 523 522 
556 524 523 
557 525 524 
558 526 525 
